id,mission,direction,date_observation,ecart_max
1,ECCO33,Nord,2026-04-17 07:10:03.993710,0
2,ECCO39,Nord,2026-04-17 07:10:03.993710,0
3,ELAN31,Nord,2026-04-17 07:10:03.993710,0
4,ELFE53,Nord,2026-04-17 07:10:03.993710,0
5,ELFE61,Nord,2026-04-17 07:10:03.993710,0
6,EMIR57,Nord,2026-04-17 07:10:03.993710,1
7,EMIR65,Nord,2026-04-17 07:10:03.993710,0
8,EMIR73,Nord,2026-04-17 07:10:03.993710,0
9,GUAD63,Nord,2026-04-17 07:10:03.993710,0
10,IVAN51,Nord,2026-04-17 07:10:03.993710,0
11,IVAN59,Nord,2026-04-17 07:10:03.993710,0
12,IVAN67,Nord,2026-04-17 07:10:03.993710,1
13,IVAN75,Nord,2026-04-17 07:10:03.993710,0
14,KLEE44,Sud,2026-04-17 07:10:03.993710,0
15,KLEE52,Sud,2026-04-17 07:10:03.993710,5
16,KLEE60,Sud,2026-04-17 07:10:03.993710,4
17,LORE42,Sud,2026-04-17 07:10:03.993710,0
18,LORE50,Sud,2026-04-17 07:10:03.993710,1
19,LORE58,Sud,2026-04-17 07:10:03.993710,2
20,PAUL48,Sud,2026-04-17 07:10:03.993710,0
21,PAUL56,Sud,2026-04-17 07:10:03.993710,5
22,PAUL64,Sud,2026-04-17 07:10:03.993710,0
23,PROC24,Sud,2026-04-17 07:10:03.993710,3
24,SOSI34,Sud,2026-04-17 07:10:03.993710,1
25,STIN46,Sud,2026-04-17 07:10:03.993710,0
26,STIN54,Sud,2026-04-17 07:10:03.993710,1
27,STIN62,Sud,2026-04-17 07:10:03.993710,1
28,STIN70,Sud,2026-04-17 07:10:03.993710,0
29,EAST49,Nord,2026-04-17 07:15:03.509915,0
30,ECCO33,Nord,2026-04-17 07:15:03.509915,0
31,ECCO39,Nord,2026-04-17 07:15:03.509915,0
32,ECCO45,Nord,2026-04-17 07:15:03.509915,1
33,ELAN37,Nord,2026-04-17 07:15:03.509915,0
34,ELFE53,Nord,2026-04-17 07:15:03.509915,0
35,ELFE61,Nord,2026-04-17 07:15:03.509915,0
36,EMIR57,Nord,2026-04-17 07:15:03.509915,0
37,EMIR65,Nord,2026-04-17 07:15:03.509915,0
38,EMIR73,Nord,2026-04-17 07:15:03.509915,0
39,GEDO43,Nord,2026-04-17 07:15:03.509915,2
40,GONG47,Nord,2026-04-17 07:15:03.509915,0
41,GSOL55,Nord,2026-04-17 07:15:03.509915,0
42,GUAD63,Nord,2026-04-17 07:15:03.509915,0
43,GUAD71,Nord,2026-04-17 07:15:03.509915,0
44,ICAR35,Nord,2026-04-17 07:15:03.509915,0
45,ISOL41,Nord,2026-04-17 07:15:03.509915,2
46,IVAN51,Nord,2026-04-17 07:15:03.509915,0
47,IVAN59,Nord,2026-04-17 07:15:03.509915,0
48,IVAN67,Nord,2026-04-17 07:15:03.509915,1
49,IVAN75,Nord,2026-04-17 07:15:03.509915,0
50,IVAN83,Nord,2026-04-17 07:15:03.509915,1
51,KLEE44,Sud,2026-04-17 07:15:03.509915,0
52,KLEE52,Sud,2026-04-17 07:15:03.509915,0
53,KLEE60,Sud,2026-04-17 07:15:03.509915,5
54,KOCQ32,Sud,2026-04-17 07:15:03.509915,0
55,LORE42,Sud,2026-04-17 07:15:03.509915,0
56,LORE50,Sud,2026-04-17 07:15:03.509915,0
57,LORE58,Sud,2026-04-17 07:15:03.509915,4
58,LORE66,Sud,2026-04-17 07:15:03.509915,1
59,LORE74,Sud,2026-04-17 07:15:03.509915,0
60,PAUL48,Sud,2026-04-17 07:15:03.509915,0
61,PAUL56,Sud,2026-04-17 07:15:03.509915,4
62,PAUL64,Sud,2026-04-17 07:15:03.509915,3
63,PLIC36,Sud,2026-04-17 07:15:03.509915,0
64,PROC30,Sud,2026-04-17 07:15:03.509915,0
65,PUMA38,Sud,2026-04-17 07:15:03.509915,0
66,SOSI40,Sud,2026-04-17 07:15:03.509915,-2
67,STIN46,Sud,2026-04-17 07:15:03.509915,1
68,STIN54,Sud,2026-04-17 07:15:03.509915,0
69,STIN62,Sud,2026-04-17 07:15:03.509915,1
70,STIN70,Sud,2026-04-17 07:15:03.509915,0
71,EAST49,Nord,2026-04-17 07:20:04.108678,0
72,ECCO39,Nord,2026-04-17 07:20:04.108678,0
73,ECCO45,Nord,2026-04-17 07:20:04.108678,0
74,ELAN37,Nord,2026-04-17 07:20:04.108678,0
75,ELFE53,Nord,2026-04-17 07:20:04.108678,0
76,ELFE61,Nord,2026-04-17 07:20:04.108678,0
77,ELFE69,Nord,2026-04-17 07:20:04.108678,0
78,EMIR57,Nord,2026-04-17 07:20:04.108678,0
79,EMIR65,Nord,2026-04-17 07:20:04.108678,0
80,EMIR73,Nord,2026-04-17 07:20:04.108678,1
81,EMIR81,Nord,2026-04-17 07:20:04.108678,0
82,GEDO43,Nord,2026-04-17 07:20:04.108678,2
83,GONG47,Nord,2026-04-17 07:20:04.108678,0
84,GSOL55,Nord,2026-04-17 07:20:04.108678,0
85,GUAD63,Nord,2026-04-17 07:20:04.108678,0
86,GUAD71,Nord,2026-04-17 07:20:04.108678,0
87,ISOL41,Nord,2026-04-17 07:20:04.108678,3
88,IVAN51,Nord,2026-04-17 07:20:04.108678,1
89,IVAN59,Nord,2026-04-17 07:20:04.108678,0
90,IVAN67,Nord,2026-04-17 07:20:04.108678,0
91,IVAN75,Nord,2026-04-17 07:20:04.108678,0
92,IVAN83,Nord,2026-04-17 07:20:04.108678,0
93,KLEE44,Sud,2026-04-17 07:20:04.108678,0
94,KLEE52,Sud,2026-04-17 07:20:04.108678,0
95,KLEE60,Sud,2026-04-17 07:20:04.108678,5
96,LORE42,Sud,2026-04-17 07:20:04.108678,-1
97,LORE50,Sud,2026-04-17 07:20:04.108678,1
98,LORE58,Sud,2026-04-17 07:20:04.108678,4
99,LORE66,Sud,2026-04-17 07:20:04.108678,1
100,LORE74,Sud,2026-04-17 07:20:04.108678,0
101,PAUL48,Sud,2026-04-17 07:20:04.108678,0
102,PAUL56,Sud,2026-04-17 07:20:04.108678,4
103,PAUL64,Sud,2026-04-17 07:20:04.108678,3
104,PAUL72,Sud,2026-04-17 07:20:04.108678,0
105,PLIC36,Sud,2026-04-17 07:20:04.108678,-1
106,PROC30,Sud,2026-04-17 07:20:04.108678,0
107,PUMA38,Sud,2026-04-17 07:20:04.108678,0
108,SOSI40,Sud,2026-04-17 07:20:04.108678,0
109,STIN46,Sud,2026-04-17 07:20:04.108678,-1
110,STIN54,Sud,2026-04-17 07:20:04.108678,0
111,STIN62,Sud,2026-04-17 07:20:04.108678,4
112,STIN70,Sud,2026-04-17 07:20:04.108678,1
113,STIN78,Sud,2026-04-17 07:20:04.108678,0
114,EAST49,Nord,2026-04-17 07:25:03.991299,0
115,ECCO39,Nord,2026-04-17 07:25:03.991299,1
116,ECCO45,Nord,2026-04-17 07:25:03.991299,0
117,ELAN37,Nord,2026-04-17 07:25:03.991299,0
118,ELFE53,Nord,2026-04-17 07:25:03.991299,1
119,ELFE61,Nord,2026-04-17 07:25:03.991299,0
120,ELFE69,Nord,2026-04-17 07:25:03.991299,0
121,EMIR57,Nord,2026-04-17 07:25:03.991299,0
122,EMIR65,Nord,2026-04-17 07:25:03.991299,0
123,EMIR73,Nord,2026-04-17 07:25:03.991299,1
124,EMIR81,Nord,2026-04-17 07:25:03.991299,0
125,GONG47,Nord,2026-04-17 07:25:03.991299,0
126,GSOL55,Nord,2026-04-17 07:25:03.991299,0
127,GUAD63,Nord,2026-04-17 07:25:03.991299,0
128,GUAD71,Nord,2026-04-17 07:25:03.991299,0
129,ISOL41,Nord,2026-04-17 07:25:03.991299,2
130,IVAN51,Nord,2026-04-17 07:25:03.991299,1
131,IVAN59,Nord,2026-04-17 07:25:03.991299,0
132,IVAN67,Nord,2026-04-17 07:25:03.991299,0
133,IVAN75,Nord,2026-04-17 07:25:03.991299,0
134,IVAN83,Nord,2026-04-17 07:25:03.991299,0
135,KLEE44,Sud,2026-04-17 07:25:03.991299,0
136,KLEE52,Sud,2026-04-17 07:25:03.991299,1
137,KLEE60,Sud,2026-04-17 07:25:03.991299,4
138,KLEE76,Sud,2026-04-17 07:25:03.991299,1
139,LORE42,Sud,2026-04-17 07:25:03.991299,-1
140,LORE50,Sud,2026-04-17 07:25:03.991299,0
141,LORE58,Sud,2026-04-17 07:25:03.991299,4
142,LORE66,Sud,2026-04-17 07:25:03.991299,3
143,LORE74,Sud,2026-04-17 07:25:03.991299,0
144,PAUL48,Sud,2026-04-17 07:25:03.991299,-1
145,PAUL56,Sud,2026-04-17 07:25:03.991299,3
146,PAUL64,Sud,2026-04-17 07:25:03.991299,3
147,PAUL72,Sud,2026-04-17 07:25:03.991299,0
148,PLIC36,Sud,2026-04-17 07:25:03.991299,-1
149,PROC30,Sud,2026-04-17 07:25:03.991299,-1
150,PUMA38,Sud,2026-04-17 07:25:03.991299,-1
151,SOSI40,Sud,2026-04-17 07:25:03.991299,0
152,STIN46,Sud,2026-04-17 07:25:03.991299,-1
153,STIN54,Sud,2026-04-17 07:25:03.991299,1
154,STIN62,Sud,2026-04-17 07:25:03.991299,4
155,STIN70,Sud,2026-04-17 07:25:03.991299,0
156,STIN78,Sud,2026-04-17 07:25:03.991299,0
157,EAST49,Nord,2026-04-17 07:30:04.373995,0
158,ECCO39,Nord,2026-04-17 07:30:04.373995,0
159,ECCO45,Nord,2026-04-17 07:30:04.373995,0
160,ELFE53,Nord,2026-04-17 07:30:04.373995,0
161,ELFE61,Nord,2026-04-17 07:30:04.373995,0
162,ELFE69,Nord,2026-04-17 07:30:04.373995,0
163,EMIR57,Nord,2026-04-17 07:30:04.373995,0
164,EMIR65,Nord,2026-04-17 07:30:04.373995,0
165,EMIR73,Nord,2026-04-17 07:30:04.373995,1
166,EMIR81,Nord,2026-04-17 07:30:04.373995,0
167,EMIR89,Nord,2026-04-17 07:30:04.373995,0
168,GONG47,Nord,2026-04-17 07:30:04.373995,0
169,GSOL55,Nord,2026-04-17 07:30:04.373995,1
170,GUAD63,Nord,2026-04-17 07:30:04.373995,0
171,GUAD71,Nord,2026-04-17 07:30:04.373995,0
172,GUAD79,Nord,2026-04-17 07:30:04.373995,0
173,ISOL41,Nord,2026-04-17 07:30:04.373995,2
174,IVAN51,Nord,2026-04-17 07:30:04.373995,1
175,IVAN59,Nord,2026-04-17 07:30:04.373995,0
176,IVAN67,Nord,2026-04-17 07:30:04.373995,0
177,IVAN75,Nord,2026-04-17 07:30:04.373995,1
178,IVAN83,Nord,2026-04-17 07:30:04.373995,0
179,IVAN91,Nord,2026-04-17 07:30:04.373995,4
180,KLEE44,Sud,2026-04-17 07:30:04.373995,0
181,KLEE52,Sud,2026-04-17 07:30:04.373995,1
182,KLEE60,Sud,2026-04-17 07:30:04.373995,4
183,KLEE76,Sud,2026-04-17 07:30:04.373995,0
184,LORE42,Sud,2026-04-17 07:30:04.373995,-1
185,LORE50,Sud,2026-04-17 07:30:04.373995,0
186,LORE58,Sud,2026-04-17 07:30:04.373995,3
187,LORE66,Sud,2026-04-17 07:30:04.373995,4
188,LORE74,Sud,2026-04-17 07:30:04.373995,0
189,LORE82,Sud,2026-04-17 07:30:04.373995,0
190,PAUL48,Sud,2026-04-17 07:30:04.373995,-1
191,PAUL56,Sud,2026-04-17 07:30:04.373995,4
192,PAUL64,Sud,2026-04-17 07:30:04.373995,4
193,PAUL72,Sud,2026-04-17 07:30:04.373995,0
194,PAUL80,Sud,2026-04-17 07:30:04.373995,0
195,PLIC36,Sud,2026-04-17 07:30:04.373995,-1
196,PUMA38,Sud,2026-04-17 07:30:04.373995,-1
197,STIN46,Sud,2026-04-17 07:30:04.373995,-1
198,STIN54,Sud,2026-04-17 07:30:04.373995,2
199,STIN62,Sud,2026-04-17 07:30:04.373995,5
200,STIN70,Sud,2026-04-17 07:30:04.373995,1
201,STIN78,Sud,2026-04-17 07:30:04.373995,0
202,EAST49,Nord,2026-04-17 07:40:04.040297,0
203,ECCO45,Nord,2026-04-17 07:40:04.040297,0
204,ELFE53,Nord,2026-04-17 07:40:04.040297,0
205,ELFE61,Nord,2026-04-17 07:40:04.040297,1
206,ELFE69,Nord,2026-04-17 07:40:04.040297,0
207,ELFE77,Nord,2026-04-17 07:40:04.040297,0
208,EMIR57,Nord,2026-04-17 07:40:04.040297,2
209,EMIR65,Nord,2026-04-17 07:40:04.040297,0
210,EMIR73,Nord,2026-04-17 07:40:04.040297,1
211,EMIR81,Nord,2026-04-17 07:40:04.040297,0
212,EMIR89,Nord,2026-04-17 07:40:04.040297,0
213,GSOL55,Nord,2026-04-17 07:40:04.040297,2
214,GUAD63,Nord,2026-04-17 07:40:04.040297,1
215,GUAD71,Nord,2026-04-17 07:40:04.040297,0
216,GUAD79,Nord,2026-04-17 07:40:04.040297,0
217,GUAD87,Nord,2026-04-17 07:40:04.040297,0
218,IVAN51,Nord,2026-04-17 07:40:04.040297,1
219,IVAN59,Nord,2026-04-17 07:40:04.040297,1
220,IVAN67,Nord,2026-04-17 07:40:04.040297,0
221,IVAN75,Nord,2026-04-17 07:40:04.040297,1
222,IVAN83,Nord,2026-04-17 07:40:04.040297,0
223,IVAN91,Nord,2026-04-17 07:40:04.040297,4
224,IVAN99,Nord,2026-04-17 07:40:04.040297,1
225,KLEE44,Sud,2026-04-17 07:40:04.040297,0
226,KLEE52,Sud,2026-04-17 07:40:04.040297,1
227,KLEE60,Sud,2026-04-17 07:40:04.040297,5
228,KLEE76,Sud,2026-04-17 07:40:04.040297,1
229,KLEE84,Sud,2026-04-17 07:40:04.040297,1
230,LORE42,Sud,2026-04-17 07:40:04.040297,-1
231,LORE50,Sud,2026-04-17 07:40:04.040297,0
232,LORE58,Sud,2026-04-17 07:40:04.040297,3
233,LORE66,Sud,2026-04-17 07:40:04.040297,5
234,LORE74,Sud,2026-04-17 07:40:04.040297,2
235,LORE82,Sud,2026-04-17 07:40:04.040297,1
236,LORE90,Sud,2026-04-17 07:40:04.040297,0
237,PAUL48,Sud,2026-04-17 07:40:04.040297,0
238,PAUL56,Sud,2026-04-17 07:40:04.040297,4
239,PAUL64,Sud,2026-04-17 07:40:04.040297,4
240,PAUL72,Sud,2026-04-17 07:40:04.040297,1
241,PAUL80,Sud,2026-04-17 07:40:04.040297,1
242,PLIC36,Sud,2026-04-17 07:40:04.040297,-1
243,PUMA38,Sud,2026-04-17 07:40:04.040297,-1
244,STIN54,Sud,2026-04-17 07:40:04.040297,2
245,STIN62,Sud,2026-04-17 07:40:04.040297,5
246,STIN70,Sud,2026-04-17 07:40:04.040297,1
247,STIN78,Sud,2026-04-17 07:40:04.040297,1
248,STIN86,Sud,2026-04-17 07:40:04.040297,1
249,EAST49,Nord,2026-04-17 07:45:03.551725,0
250,ELFE53,Nord,2026-04-17 07:45:03.551725,0
251,ELFE61,Nord,2026-04-17 07:45:03.551725,0
252,ELFE69,Nord,2026-04-17 07:45:03.551725,1
253,ELFE77,Nord,2026-04-17 07:45:03.551725,0
254,ELFE85,Nord,2026-04-17 07:45:03.551725,0
255,EMIR57,Nord,2026-04-17 07:45:03.551725,2
256,EMIR65,Nord,2026-04-17 07:45:03.551725,2
257,EMIR73,Nord,2026-04-17 07:45:03.551725,0
258,EMIR81,Nord,2026-04-17 07:45:03.551725,0
259,EMIR89,Nord,2026-04-17 07:45:03.551725,0
260,EMIR97,Nord,2026-04-17 07:45:03.551725,0
261,GUAD63,Nord,2026-04-17 07:45:03.551725,2
262,GUAD71,Nord,2026-04-17 07:45:03.551725,0
263,GUAD79,Nord,2026-04-17 07:45:03.551725,0
264,GUAD87,Nord,2026-04-17 07:45:03.551725,1
265,IVAN51,Nord,2026-04-17 07:45:03.551725,0
266,IVAN59,Nord,2026-04-17 07:45:03.551725,1
267,IVAN67,Nord,2026-04-17 07:45:03.551725,2
268,IVAN75,Nord,2026-04-17 07:45:03.551725,1
269,IVAN83,Nord,2026-04-17 07:45:03.551725,1
270,IVAN91,Nord,2026-04-17 07:45:03.551725,2
271,IVAN99,Nord,2026-04-17 07:45:03.551725,0
272,KLEE52,Sud,2026-04-17 07:45:03.551725,1
273,KLEE60,Sud,2026-04-17 07:45:03.551725,4
274,KLEE76,Sud,2026-04-17 07:45:03.551725,0
275,KLEE84,Sud,2026-04-17 07:45:03.551725,1
276,LORE42,Sud,2026-04-17 07:45:03.551725,-1
277,LORE50,Sud,2026-04-17 07:45:03.551725,0
278,LORE58,Sud,2026-04-17 07:45:03.551725,3
279,LORE66,Sud,2026-04-17 07:45:03.551725,5
280,LORE74,Sud,2026-04-17 07:45:03.551725,0
281,LORE82,Sud,2026-04-17 07:45:03.551725,1
282,LORE90,Sud,2026-04-17 07:45:03.551725,0
283,PAUL48,Sud,2026-04-17 07:45:03.551725,-1
284,PAUL56,Sud,2026-04-17 07:45:03.551725,4
285,PAUL64,Sud,2026-04-17 07:45:03.551725,6
286,PAUL72,Sud,2026-04-17 07:45:03.551725,0
287,PAUL80,Sud,2026-04-17 07:45:03.551725,1
288,PAUL88,Sud,2026-04-17 07:45:03.551725,0
289,PUMA38,Sud,2026-04-17 07:45:03.551725,-1
290,STIN54,Sud,2026-04-17 07:45:03.551725,2
291,STIN62,Sud,2026-04-17 07:45:03.551725,8
292,STIN70,Sud,2026-04-17 07:45:03.551725,1
293,STIN78,Sud,2026-04-17 07:45:03.551725,1
294,STIN86,Sud,2026-04-17 07:45:03.551725,1
295,STIN94,Sud,2026-04-17 07:45:03.551725,0
296,ELFE53,Nord,2026-04-17 07:50:04.704616,1
297,ELFE61,Nord,2026-04-17 07:50:04.704616,0
298,ELFE69,Nord,2026-04-17 07:50:04.704616,1
299,ELFE77,Nord,2026-04-17 07:50:04.704616,0
300,ELFE85,Nord,2026-04-17 07:50:04.704616,0
301,EMIR57,Nord,2026-04-17 07:50:04.704616,3
302,EMIR65,Nord,2026-04-17 07:50:04.704616,2
303,EMIR73,Nord,2026-04-17 07:50:04.704616,0
304,EMIR81,Nord,2026-04-17 07:50:04.704616,0
305,EMIR89,Nord,2026-04-17 07:50:04.704616,0
306,EMIR97,Nord,2026-04-17 07:50:04.704616,0
307,GUAD63,Nord,2026-04-17 07:50:04.704616,0
308,GUAD71,Nord,2026-04-17 07:50:04.704616,1
309,GUAD79,Nord,2026-04-17 07:50:04.704616,0
310,GUAD87,Nord,2026-04-17 07:50:04.704616,0
311,IVAN59,Nord,2026-04-17 07:50:04.704616,1
312,IVAN67,Nord,2026-04-17 07:50:04.704616,3
313,IVAN75,Nord,2026-04-17 07:50:04.704616,0
314,IVAN83,Nord,2026-04-17 07:50:04.704616,1
315,IVAN91,Nord,2026-04-17 07:50:04.704616,1
316,IVAN99,Nord,2026-04-17 07:50:04.704616,0
317,IVIS07,Nord,2026-04-17 07:50:04.704616,1
318,KLEE52,Sud,2026-04-17 07:50:04.704616,1
319,KLEE60,Sud,2026-04-17 07:50:04.704616,4
320,KLEE76,Sud,2026-04-17 07:50:04.704616,0
321,KLEE84,Sud,2026-04-17 07:50:04.704616,2
322,KLEE92,Sud,2026-04-17 07:50:04.704616,2
323,LORE42,Sud,2026-04-17 07:50:04.704616,-1
324,LORE50,Sud,2026-04-17 07:50:04.704616,0
325,LORE58,Sud,2026-04-17 07:50:04.704616,3
326,LORE66,Sud,2026-04-17 07:50:04.704616,8
327,LORE74,Sud,2026-04-17 07:50:04.704616,0
328,LORE82,Sud,2026-04-17 07:50:04.704616,2
329,LORE90,Sud,2026-04-17 07:50:04.704616,0
330,PAUL48,Sud,2026-04-17 07:50:04.704616,0
331,PAUL56,Sud,2026-04-17 07:50:04.704616,4
332,PAUL64,Sud,2026-04-17 07:50:04.704616,7
333,PAUL72,Sud,2026-04-17 07:50:04.704616,1
334,PAUL80,Sud,2026-04-17 07:50:04.704616,0
335,PAUL88,Sud,2026-04-17 07:50:04.704616,1
336,PUMA38,Sud,2026-04-17 07:50:04.704616,-1
337,STIN54,Sud,2026-04-17 07:50:04.704616,2
338,STIN62,Sud,2026-04-17 07:50:04.704616,7
339,STIN70,Sud,2026-04-17 07:50:04.704616,3
340,STIN78,Sud,2026-04-17 07:50:04.704616,1
341,STIN86,Sud,2026-04-17 07:50:04.704616,1
342,STIN94,Sud,2026-04-17 07:50:04.704616,0
343,ELFE53,Nord,2026-04-17 07:55:04.250672,2
344,ELFE61,Nord,2026-04-17 07:55:04.250672,1
345,ELFE69,Nord,2026-04-17 07:55:04.250672,2
346,ELFE77,Nord,2026-04-17 07:55:04.250672,0
347,ELFE85,Nord,2026-04-17 07:55:04.250672,1
348,ELFE93,Nord,2026-04-17 07:55:04.250672,0
349,EMIR57,Nord,2026-04-17 07:55:04.250672,2
350,EMIR65,Nord,2026-04-17 07:55:04.250672,2
351,EMIR73,Nord,2026-04-17 07:55:04.250672,2
352,EMIR81,Nord,2026-04-17 07:55:04.250672,0
353,EMIR89,Nord,2026-04-17 07:55:04.250672,0
354,EMIR97,Nord,2026-04-17 07:55:04.250672,1
355,EMMY05,Nord,2026-04-17 07:55:04.250672,1
356,GUAD71,Nord,2026-04-17 07:55:04.250672,1
357,GUAD79,Nord,2026-04-17 07:55:04.250672,0
358,GUAD87,Nord,2026-04-17 07:55:04.250672,0
359,IVAN59,Nord,2026-04-17 07:55:04.250672,1
360,IVAN67,Nord,2026-04-17 07:55:04.250672,3
361,IVAN75,Nord,2026-04-17 07:55:04.250672,0
362,IVAN83,Nord,2026-04-17 07:55:04.250672,1
363,IVAN91,Nord,2026-04-17 07:55:04.250672,2
364,IVAN99,Nord,2026-04-17 07:55:04.250672,0
365,IVIS07,Nord,2026-04-17 07:55:04.250672,0
366,KLEE52,Sud,2026-04-17 07:55:04.250672,1
367,KLEE60,Sud,2026-04-17 07:55:04.250672,4
368,KLEE76,Sud,2026-04-17 07:55:04.250672,1
369,KLEE84,Sud,2026-04-17 07:55:04.250672,1
370,KLEE92,Sud,2026-04-17 07:55:04.250672,1
371,LORE50,Sud,2026-04-17 07:55:04.250672,0
372,LORE58,Sud,2026-04-17 07:55:04.250672,3
373,LORE66,Sud,2026-04-17 07:55:04.250672,8
374,LORE74,Sud,2026-04-17 07:55:04.250672,2
375,LORE82,Sud,2026-04-17 07:55:04.250672,2
376,LORE90,Sud,2026-04-17 07:55:04.250672,0
377,LORE98,Sud,2026-04-17 07:55:04.250672,0
378,PAUL48,Sud,2026-04-17 07:55:04.250672,0
379,PAUL56,Sud,2026-04-17 07:55:04.250672,4
380,PAUL64,Sud,2026-04-17 07:55:04.250672,7
381,PAUL72,Sud,2026-04-17 07:55:04.250672,4
382,PAUL80,Sud,2026-04-17 07:55:04.250672,0
383,PAUL88,Sud,2026-04-17 07:55:04.250672,0
384,PAUL96,Sud,2026-04-17 07:55:04.250672,0
385,PUMA38,Sud,2026-04-17 07:55:04.250672,-1
386,STIN62,Sud,2026-04-17 07:55:04.250672,7
387,STIN70,Sud,2026-04-17 07:55:04.250672,5
388,STIN78,Sud,2026-04-17 07:55:04.250672,1
389,STIN86,Sud,2026-04-17 07:55:04.250672,1
390,STIN94,Sud,2026-04-17 07:55:04.250672,0
391,ELFE61,Nord,2026-04-17 08:00:04.996341,2
392,ELFE69,Nord,2026-04-17 08:00:04.996341,2
393,ELFE77,Nord,2026-04-17 08:00:04.996341,0
394,ELFE85,Nord,2026-04-17 08:00:04.996341,1
395,ELFE93,Nord,2026-04-17 08:00:04.996341,0
396,EMIR57,Nord,2026-04-17 08:00:04.996341,2
397,EMIR65,Nord,2026-04-17 08:00:04.996341,2
398,EMIR73,Nord,2026-04-17 08:00:04.996341,2
399,EMIR81,Nord,2026-04-17 08:00:04.996341,0
400,EMIR89,Nord,2026-04-17 08:00:04.996341,0
401,EMIR97,Nord,2026-04-17 08:00:04.996341,1
402,EMMY05,Nord,2026-04-17 08:00:04.996341,0
403,GUAD71,Nord,2026-04-17 08:00:04.996341,2
404,GUAD79,Nord,2026-04-17 08:00:04.996341,0
405,GUAD87,Nord,2026-04-17 08:00:04.996341,0
406,IVAN59,Nord,2026-04-17 08:00:04.996341,1
407,IVAN67,Nord,2026-04-17 08:00:04.996341,4
408,IVAN75,Nord,2026-04-17 08:00:04.996341,2
409,IVAN83,Nord,2026-04-17 08:00:04.996341,0
410,IVAN91,Nord,2026-04-17 08:00:04.996341,3
411,IVAN99,Nord,2026-04-17 08:00:04.996341,0
412,IVIS07,Nord,2026-04-17 08:00:04.996341,0
413,KLEE60,Sud,2026-04-17 08:00:04.996341,4
414,KLEE76,Sud,2026-04-17 08:00:04.996341,4
415,KLEE84,Sud,2026-04-17 08:00:04.996341,2
416,KLEE92,Sud,2026-04-17 08:00:04.996341,0
417,LORE50,Sud,2026-04-17 08:00:04.996341,0
418,LORE58,Sud,2026-04-17 08:00:04.996341,3
419,LORE66,Sud,2026-04-17 08:00:04.996341,8
420,LORE74,Sud,2026-04-17 08:00:04.996341,5
421,LORE82,Sud,2026-04-17 08:00:04.996341,2
422,LORE90,Sud,2026-04-17 08:00:04.996341,0
423,LORE98,Sud,2026-04-17 08:00:04.996341,0
424,PAUL48,Sud,2026-04-17 08:00:04.996341,2
425,PAUL56,Sud,2026-04-17 08:00:04.996341,4
426,PAUL64,Sud,2026-04-17 08:00:04.996341,7
427,PAUL72,Sud,2026-04-17 08:00:04.996341,5
428,PAUL80,Sud,2026-04-17 08:00:04.996341,0
429,PAUL88,Sud,2026-04-17 08:00:04.996341,1
430,PAUL96,Sud,2026-04-17 08:00:04.996341,0
431,STIN62,Sud,2026-04-17 08:00:04.996341,7
432,STIN70,Sud,2026-04-17 08:00:04.996341,5
433,STIN78,Sud,2026-04-17 08:00:04.996341,2
434,STIN86,Sud,2026-04-17 08:00:04.996341,1
435,STIN94,Sud,2026-04-17 08:00:04.996341,0
436,STRI04,Sud,2026-04-17 08:00:04.996341,0
437,ELFE61,Nord,2026-04-17 08:05:03.784450,2
438,ELFE69,Nord,2026-04-17 08:05:03.784450,3
439,ELFE77,Nord,2026-04-17 08:05:03.784450,1
440,ELFE85,Nord,2026-04-17 08:05:03.784450,1
441,ELFE93,Nord,2026-04-17 08:05:03.784450,2
442,EMIR65,Nord,2026-04-17 08:05:03.784450,2
443,EMIR73,Nord,2026-04-17 08:05:03.784450,3
444,EMIR81,Nord,2026-04-17 08:05:03.784450,1
445,EMIR89,Nord,2026-04-17 08:05:03.784450,1
446,EMIR97,Nord,2026-04-17 08:05:03.784450,1
447,EMMY05,Nord,2026-04-17 08:05:03.784450,0
448,GUAD71,Nord,2026-04-17 08:05:03.784450,3
449,GUAD79,Nord,2026-04-17 08:05:03.784450,2
450,GUAD87,Nord,2026-04-17 08:05:03.784450,1
451,GUIZ03,Nord,2026-04-17 08:05:03.784450,0
452,IVAN67,Nord,2026-04-17 08:05:03.784450,3
453,IVAN75,Nord,2026-04-17 08:05:03.784450,2
454,IVAN83,Nord,2026-04-17 08:05:03.784450,0
455,IVAN91,Nord,2026-04-17 08:05:03.784450,3
456,IVAN99,Nord,2026-04-17 08:05:03.784450,0
457,IVIS07,Nord,2026-04-17 08:05:03.784450,0
458,IVIS15,Nord,2026-04-17 08:05:03.784450,1
459,KLAC02,Sud,2026-04-17 08:05:03.784450,2
460,KLEE60,Sud,2026-04-17 08:05:03.784450,4
461,KLEE76,Sud,2026-04-17 08:05:03.784450,5
462,KLEE84,Sud,2026-04-17 08:05:03.784450,3
463,KLEE92,Sud,2026-04-17 08:05:03.784450,0
464,LORD08,Sud,2026-04-17 08:05:03.784450,0
465,LORE58,Sud,2026-04-17 08:05:03.784450,3
466,LORE66,Sud,2026-04-17 08:05:03.784450,8
467,LORE74,Sud,2026-04-17 08:05:03.784450,5
468,LORE82,Sud,2026-04-17 08:05:03.784450,2
469,LORE90,Sud,2026-04-17 08:05:03.784450,1
470,LORE98,Sud,2026-04-17 08:05:03.784450,1
471,PAUL48,Sud,2026-04-17 08:05:03.784450,2
472,PAUL56,Sud,2026-04-17 08:05:03.784450,4
473,PAUL64,Sud,2026-04-17 08:05:03.784450,7
474,PAUL72,Sud,2026-04-17 08:05:03.784450,5
475,PAUL80,Sud,2026-04-17 08:05:03.784450,4
476,PAUL88,Sud,2026-04-17 08:05:03.784450,1
477,PAUL96,Sud,2026-04-17 08:05:03.784450,1
478,STIN70,Sud,2026-04-17 08:05:03.784450,5
479,STIN78,Sud,2026-04-17 08:05:03.784450,5
480,STIN86,Sud,2026-04-17 08:05:03.784450,2
481,STIN94,Sud,2026-04-17 08:05:03.784450,1
482,STRI04,Sud,2026-04-17 08:05:03.784450,0
483,ELFE69,Nord,2026-04-17 08:10:04.662707,2
484,ELFE77,Nord,2026-04-17 08:10:04.662707,1
485,ELFE85,Nord,2026-04-17 08:10:04.662707,1
486,ELFE93,Nord,2026-04-17 08:10:04.662707,2
487,ELOI01,Nord,2026-04-17 08:10:04.662707,0
488,EMIR65,Nord,2026-04-17 08:10:04.662707,2
489,EMIR73,Nord,2026-04-17 08:10:04.662707,2
490,EMIR81,Nord,2026-04-17 08:10:04.662707,2
491,EMIR89,Nord,2026-04-17 08:10:04.662707,1
492,EMIR97,Nord,2026-04-17 08:10:04.662707,2
493,EMMY05,Nord,2026-04-17 08:10:04.662707,0
494,EMMY13,Nord,2026-04-17 08:10:04.662707,0
495,GUAD79,Nord,2026-04-17 08:10:04.662707,2
496,GUAD87,Nord,2026-04-17 08:10:04.662707,1
497,GUIZ03,Nord,2026-04-17 08:10:04.662707,0
498,IVAN67,Nord,2026-04-17 08:10:04.662707,3
499,IVAN75,Nord,2026-04-17 08:10:04.662707,2
500,IVAN83,Nord,2026-04-17 08:10:04.662707,2
501,IVAN91,Nord,2026-04-17 08:10:04.662707,3
502,IVAN99,Nord,2026-04-17 08:10:04.662707,2
503,IVIS07,Nord,2026-04-17 08:10:04.662707,0
504,IVIS15,Nord,2026-04-17 08:10:04.662707,0
505,KLAC02,Sud,2026-04-17 08:10:04.662707,3
506,KLEE76,Sud,2026-04-17 08:10:04.662707,5
507,KLEE84,Sud,2026-04-17 08:10:04.662707,2
508,KLEE92,Sud,2026-04-17 08:10:04.662707,0
509,LORD08,Sud,2026-04-17 08:10:04.662707,0
510,LORE58,Sud,2026-04-17 08:10:04.662707,3
511,LORE66,Sud,2026-04-17 08:10:04.662707,8
512,LORE74,Sud,2026-04-17 08:10:04.662707,4
513,LORE82,Sud,2026-04-17 08:10:04.662707,3
514,LORE90,Sud,2026-04-17 08:10:04.662707,1
515,LORE98,Sud,2026-04-17 08:10:04.662707,0
516,PAGE06,Sud,2026-04-17 08:10:04.662707,0
517,PAUL56,Sud,2026-04-17 08:10:04.662707,4
518,PAUL64,Sud,2026-04-17 08:10:04.662707,7
519,PAUL72,Sud,2026-04-17 08:10:04.662707,5
520,PAUL80,Sud,2026-04-17 08:10:04.662707,5
521,PAUL88,Sud,2026-04-17 08:10:04.662707,2
522,PAUL96,Sud,2026-04-17 08:10:04.662707,1
523,STIN70,Sud,2026-04-17 08:10:04.662707,5
524,STIN78,Sud,2026-04-17 08:10:04.662707,5
525,STIN86,Sud,2026-04-17 08:10:04.662707,3
526,STIN94,Sud,2026-04-17 08:10:04.662707,0
527,STRI04,Sud,2026-04-17 08:10:04.662707,0
